381499
267909253
2458600
989816703
623160
1073255
805703
4889679496
1866006
1732590
1824101
4910938
7065581
12239016
16010244
7205093
994930
500000
32605280
9392451
101486540
4900345218
6835238
16829085
1420968
4979
385588
401743
515156
1132180
931885825
15069834497
12668031
744003
226012778
15605000
20454720
9722647
43739538
121502
889010
1980000
600000
43743917
49814900
2965018
672700
924682796
2849239638
140000000
960627906
1641357
113210
200840
126000000
8162094
1003099
1000714
1000124
1000017
14843
22200
8837
20950261
4911715957
1408295
4919683650
6935559
171524
53000000
882347000
5000000
561130000
177494
2260000000
3765700
2800000
29436676
91040
290765
262054
31299
263769
312798
298818
285976
294763
284521
286324
265149
267332
35836
287486
295041
108925
296868
302809
282198
9906286944
497600000
4398726
9745257
4927825836
502525
217895
2074326
46517576
4939262813
49970815
7360000
6120000
800962
20000000
2378296
1561537
2308039
27186394
9191602
25706633
122831374
106449771
88673642
439854079
14969767297
102730
254091
616662205
3506369121
1330842
1284970
1272142
1170000
1052960
1005850
850000
844686
825995
729744
692650
638401
549782
515005
476560
463794
432480
378697
367822
359275
342231
271500
270959
269972
252000
231120
228784
223614
215769
212564
199170
189552
178250
102730
2000000
5147372
8201500
771439
6485250
7800674
6318316
1938928
2165300
170633
22481924
418096
1048767
2181684120
15740000
5216558
2027250
65178893
429796856
5000000
1937093
285240
200000000
200000000
1509581
3515199490
44438030
11000000
1336201829
9305420
357546141
103187149
205082
789894418
8135000
102730
143488
2171003
1935483
1781864
1653032
1557763
1452300
1541061
1433877
1372183
1348898
1269572
1252452
1355997
1279372
1281963
1228652
1299263
1186127
1201602
1167360
1182872
1015159
1111234
1285736
1081138
1102454
860283
998136
768442
703086
727766
722821
2303056
2911553
96643
10882672
1131396
120888370
331264
67338118
264220253
15379713053
156620158
26230491
24149802
676676
1338071
493300
237344918
5491800
5563058
13014354
2389210
476973
248944
136153
73929
3252294
11039757
3440160
4182992
68490
5100000
47530829
146580
129588
132740
2019527
35979230
18887836
1657644
42826111
1730058
1614041123
2100000
23142
44049800
9000000
989939417
128707699
2855646
45776816
9541672
584780000
17836218
3000000
2730
250000
189638
91233
64591
462070
615968396
103296407
195386405
608400
330000
300000
276179
990626481
254486
1289460
3589342
3393985
734619294
743920
29732460
705200
3826200
3835300
2097900
18885870
15347214048
3208501
4469235
4201915
1704572
3761556
25755
361206
188933732
3911465
7110306
9934725
108669503
2731828
1438293
1414076
1232906
294219911
5396159
334320
3861409
7045278
2635429777
6000000
5100000
13558291
6000000
430814
201160000
2337725
3565070
40280061
21447309
6294525
7982229
1673340
76237684
382883
3387506
19413098
140709
867261
30188736
110694
4209001
697400
28589000
1689883
6314957
13104500
112828
20242264
809280
41131970
153607181
2529927
15490062957
334919
1313948
2460388
2910057706
1306169355
4060000
4060000
4508927
4508927
7719563
56609114
832378
9579768
111663324
5509941325
15583800
4927612
1533952
102244777
20000000
5500000
505000
300000
923641214
1120487
6729321
5729452
5930840
762173618
290536705
3430528
7137327
4310988
26534872
33990000
216548261
8500000
260540013
249500
205200000
849141
9887769
1186859
25810240
6299069
3248290000
12220655
2074628
326864
1026809
1077216
23833620
200559
275024
12300000
866200
100000
145979
165599
168466
153577
4600000
19078764
1350626
1738328
19147716
582536866
14418069937
26775812940
9013166
3100000
58707
1858039
25327486
3335730
2892941
15482202108
1888888
18800
49600372
262430
6263000
1686671159
422800
24708322
1114122
1127689
1606675086
2517350
1629073
29365
35545
32536
24001
222400
405590000
79346402
9352276
16973342
9138559
6794191
30810922
4132786
293878961
1186772
422674
45343899
53970120
120000
303900
987255
859646
812964850
146969
14667812
12842634
12789647
12702899
12771174
12852461
54269937
422673
5618264
27070000
895575
826001
210300000
815320
2602000
98385
2642400
90165
113792
129819820
138509424
50000000
50990
1166679
1165494
1277714
1700426
3504100
5973111
4230000
3689262
121988709
680406
3805203
530228
5889873
100000000
226432
347905
182661
294468
364140
24976536
1166862
82533731
17785915
2111682
2272914700
100000
277435576
673270
822831786
111149742
547730086
25911270917
13988780
1566840387
18579623
2625731
39950000
3878831
261324
1074625
990657
429895124
1581401
1469808
3926864
6040266
22502172
20594300
37132228
367778
1000000
60829906
31502262
97130816
99997597
279988
9516
750000
3061200
374500
3966552
20440767
975000
1319714
3196568
9728689
738895754
967163081
905472
2462790
89956
4059178
5880428
2834000
2730
250000
33956434
5542912
934577
671800
250000
35355916
38108375
131427836
60505641
1771974
870766
2862857
2915000
4000000
505000
3894
4000000
1679332
2870605
35060568
815952
216767
470865
614776
767794
27726398352
12497881
820000
2298404
47603921
4561058
34741006
10507386
207063
207438
208150
209385
207518
2198896
48272
160000
52000
50000
150000
1500000
700000
1466279
3666808
401410
5069680395
238067
451156
243989
240232
211802202
7000000
860089
984252
986551
184580373
2953631
102730
1953922
102730
86169
73402
2701690
1020476
51073000
9934215
10523222
13611729
11548432
19271814
31637018
1728476
4043733509
17629919
27614139767
200000000
189413604
51239482
6062449
3703740
12034072
1334537
7694692
500000
349712
129985944
303034
224663
156608
380583
5294807
1566753572
8297140
4408860
6881953
2110000
5975000
5975000
750000
4200000
20000000
86421232
51387785
223191
2352466
1630461
3416
56888
8271
27417
19408
1083249180
200000000
46463822
1051707318
544817804
2454600000
162612048
22610000
814000
2866000
100000
10669936
14420000
104950
109700
376847
208353
200323185
537208949
150000000
8849966198
9301661
48884334
24923160
321753
242324
4507433
260900000
4711298
3741762
701063272
50000000
3885000
3851361
3013420594
276108
374352
442900
1427840
4471310
39900000
30651944
39900000
27969749880
13683568570
1386598
722964
5784037
238468
2290000
5669173
4477950
12218953
1875159
137481435
48822649
91480
196613
456364
1356516
367000
756308
40284818
1590923
914638
13288657
1292200
866506
1398336
1090915
1942744
47996000
1231438
23324
22638
20437
21435
21187
21713
2481224
4187304
285600
323633
171098
199950000
267218
156691013
7872522
588596
219633
262654
2264436
301792
212023
222488
381463756
50886422
13814613
1956469
2604717
34188000
379979
1118440
60915252
13513574
211784
3400000
50000000
83688623
2521750
813952
3061536
40059337
500000000
4625908
4255208
4081000
3878594
2862280
2835157
2031053
43495054
300135343
291807844
9874150544
2344212
962261
1236154
4912099
819997
3164757
1300000
1600000
786102
1911612
809263
8142736
809261
15231050
24406596
186632998
25090
15807
13494
809238
30717
5000
29593
809263
10184414
1000000
73936015
1000000
30990000
20000000
1768879545
136380543
128000
89004
8036355
13526600
2182179
809260
3264650
276100915
2871927
20000
363761806
714032
3358874
870000
4435590
15529800
4271829
842725055
2038765
1510500
15614
3369110
1780000
8914200
321256
10000000
296437820
5656513
20079553
184551
18397409
147573
90617
5600000
42670510
2321366
922735
1861966
6195324
23650000
1767097244
40260
1122195
15216699
4700000
4982800
2038959
544000
276552872
48303649
3868242
2012307
251594
177040181
1470000
16000000
2058939
220012
159013
1910433
1281365
100000000
2039653
838596405
100000000
1125300
3426054
5310000
46231521
2562381
66442615
1739928
590000
5014724
47676465
11072233
4000000
33617679
36576145
1000000
5451682
328937
100106098
15000000
310066
11959870
7535113
4800000
41544712
129885855
18663421875
1500000
1994759
1450235
2339749
2541865
4674960
2509355
220437
49356243
28518714
5056499
237999
2695541
63182199
15209378
13929516
1485490
944069
6151340
1532399
70231785
59900000
1000000000
34563788
387855
954800
1444411
2155305
89909600
458051
310064
3376733
1254898
139387
143720
19754980
3593500
1518611
1115256
604414
546
599397762
197012
768050
7454908
571113
123926
2238894
35900000
32866030
900000
1280578
28641193
50000000
290000
3685783
484800
17402776
5962325
14158907
35285130
167247
13000000
12800000
5100000
721219
2200000
7100000
100000
1440000
22000000
2800000
3789000
40229060
20640086
30000000
567677
769838
1847366
44340103
287355582
318076
159292
15089024
9574891
289967097
903562
1090771
499269
904294
1420494
58443516
662079
48313391
5286324
546
1188095
806199
239474612
3400020
50000000
15790000
21222387
2813148
182783
1085381
1892683
27073800
8400700
212183596
46100000
488318372
732684
49900000
1573850
20000
100000
959086
320000
19872674
15890010
2494398967
1000000000
622127873
27600000
31648572
1977276522
990000
1782031
2298319395
1793657
45634478
791356
5675062164
777994
7703590
293711811
504477
205430
1241688
1509680
965488887
20000000
3000000
3474270
1343933
505080
1926551
780336
8010338
370000
21363430
1671244
3338345
23794230
47916232
5586149
546
609311912
42160
1720732
612056031
183564
90000
4214622
6700149
3384923
374662
2300828345
36100000
252083
7715053
887258
9451694
1541695
3607171
495667
6247469
4000000
7106290
809263
41967563
1190072
5018959
971876809
1676534
1145896
1834590
2940167
1721201645
5983803
8150245
1413576
6398523
951189
2990000
1069518
6655864673
6715325
33953688
965537
1120916
403290
5900000
10000000
93870
82821
683260
24604169
769526
265968
2108585
1920000
1167681
697595
314042
52877553
298621124
205430
24438012
800000
3043782
258000
20587043
18338368
2681764
1136170
246000
1921547
223032
113971777
662977
4030000
4082089134
1278195
935040
2025558
2514161
5997307
188772976
154721922
126722173
127308385
39512139
40497092
508881333
8300000
377585560
2031187
2515728
6570000
900000
931785243
809262
60000000
32087000
285360
534194
1062809
1482161
910810
126546
105430
6000000
4985076786
10815387
55060107
623815
1600000
150000
122627
961006
359200
598900
998599999
8085309
49899689
2000000
5000000000
335400
13000000
120000000
677376
5663709
821629
3514426
922851
2405998
8463058
1591500
4437160
1525562
3916001
20466054
820303
1000000
3344168
4273990
30080520
442787
1712337
4098724
2008248
9869312227
3020953
1600000
1283795
2190262
14822567
7234952
1460829
1287518
615726961
205430
346000
66824866
1850000
106334
284872
1859812
3270550
5510000
4184718
90584300
49643417
33153518
1562046
3200000
1079026
358931
270659
58591924
2900000
4981944072
7682621
1345022
28946501
376739
3500687
302616
3095126
68000000
3619756410
612732241
832948
22470000
1405657
2654754
122933999
7938644
754810552
43282338
861480411
435947
916081
1013906
296076
117204
17655
5543336
10117722
43200000
1163873
4984528
59901963
2450000
956104
166557
61176
120500000
882884592
419717
199132
966143
6042817
563050
1000000
337092
42409600
11915216
10000000
10000000
1004359
802846200
1000000
28167360194
720278
239961785
16355201
28002423029
1299086
1782781
4073959816
101587216
536912
946241
27940699265
527310
2763327
410270
809263
4547114
55537016
829338095
6024594
20519
56791
216270
38043
224245
147923
653216
2000000
4343795178
6279228
35409823
520177
750000
1616344
11900000
6612513
32417381
349977
418095
156967
372034
110317047
3122410
164348
741151
749177
2627262
822120482
14358785
507900
50800
50800
16858244
3009008
225445
26128010
66441
159578
415645
274386
8726013621
854617305
8993757
497000
1000307
8732700
1006656
1350000
1770000
3685074
1085690
1412227
1000604
1846600
1006022
1000273
200000000
207573812
6016999263
6049997
40548467
41217796
1600000
704336156
99979497
185789228
54026093
828661885
3791834
113595538
420302970
3354908
8754729
1485305
511347
3089910
123900000
8009249
4985438491
457287131
124900000
3142073
1041265
2229111
6915200
28001876024
26075811
9339607
9249850
7838674
4391677
4379176
2470000
1673849
1247674
620000
2579762
1800000
1259354
1341487
500000
589306
470497
500000
252000
515149
1468750
18517578
286835
26707887
6038449
26442471
491023
150000
10000
1181153
1264438
695233356
984683
19700410
467802
2421881979
2189304
10000000
44493693
58273967
59526743
29840000
5504835
24900000
2400000
99200000
686150
841193
540000
1052452
1559201
104540
1273078
8110570
8343452
803661808
26772156340
542192
9584498
506648
92000000
20864400
4505780
200230
710438
24268458
72877
27762639
1810000
6607558
265070